# f  Gain  sGain
5.000000000000000000e-01 2.980235998873029951e-02 5.162847694770609456e-04
5.316286115101588328e-01 3.170436655221058053e-02 4.764342535788320039e-04
5.652579611524387593e-01 3.348191471144644493e-02 8.849766879670803226e-04
6.010146100650685108e-01 3.533232203798127719e-02 6.263436407133174877e-04
6.390331252924238425e-01 3.760634162233555955e-02 8.726397098878837513e-04
6.794565862164172465e-01 3.985977643841075169e-02 9.777552518420589995e-04
7.224371230233327390e-01 4.252400182422154395e-02 4.392208461122357080e-04
7.681364892325763805e-01 4.526790742546894786e-02 7.048802443710402901e-04
8.167266704420051981e-01 4.756530593338432339e-02 6.681446199874198745e-04
8.683905315807965986e-01 5.071131300735122471e-02 7.453242427540977561e-04
9.233225051057352140e-01 5.327569463544849088e-02 6.121965885989094852e-04
9.817293227308869774e-01 5.682059514491840518e-02 9.283944236427209762e-04
1.043830793444460170e+00 6.057712115168049916e-02 6.163714595921170741e-04
1.109860630740851395e+00 6.460530998626032306e-02 5.965632659495919256e-04
1.180067332181095940e+00 6.833232577934292284e-02 7.267416415876515367e-04
1.254715114591866687e+00 7.263663864568810358e-02 5.170178549496805363e-04
1.334084908422567661e+00 7.693211978223549186e-02 8.195054739295470772e-04
1.418475415002693918e+00 8.157758047902444187e-02 6.410449270430677556e-04
1.508204230678356961e+00 8.657504020426468050e-02 4.983774308715608042e-04
1.603609042058564249e+00 9.210190920853794649e-02 4.696858347585764035e-04
1.705048896869460817e+00 9.758991598544664026e-02 7.974980993247583793e-04
1.812905555199278540e+00 1.036489536123665067e-01 7.193471270606048313e-04
1.927584926219292338e+00 1.102280997512882221e-01 7.900276889761368880e-04
2.049518595787748865e+00 1.171993672447171758e-01 6.303842714973837118e-04
2.179165450685782268e+00 1.240703727490286151e-01 6.507912892588223631e-04
2.317013405597983855e+00 1.314708615570444328e-01 5.712446580925041508e-04
2.463581239336960937e+00 1.397241731630600170e-01 8.636367063707076769e-04
2.619420547222369500e+00 1.476858825347217574e-01 4.859270406722613332e-04
2.785117816962017656e+00 1.565197943743596443e-01 8.501767387121575382e-04
2.961296635847443515e+00 1.662908601120795526e-01 8.230124500664487636e-04
3.148620037570561969e+00 1.758247208584808319e-01 7.682864684065627463e-04
3.347792997493403533e+00 1.853206792259859959e-01 7.928639323977543707e-04
3.559565085761701830e+00 1.967659564648666648e-01 1.432891624672667048e-03
3.784733288247066341e+00 2.077933187571379681e-01 9.294647468080630527e-04
4.024145005934129493e+00 2.192505270902109227e-01 6.340552263638692858e-04
4.278701244040601814e+00 2.320402009175796254e-01 6.132310443742816988e-04
4.549360002872189668e+00 2.445801421725568581e-01 1.108272302787600104e-03
4.837139883173589006e+00 2.578328864555433086e-01 8.856303493833940586e-04
5.143123919543971745e+00 2.718377397402897411e-01 9.848303202719035226e-04
5.468463656343694801e+00 2.859067925156866807e-01 7.739373760343844439e-04
5.814383481431530498e+00 2.997721677882899116e-01 5.665689137843460833e-04
6.182185234042095523e+00 3.151822981687918412e-01 6.971796719838277683e-04
6.573253104144808567e+00 3.308321194914355390e-01 8.512494646876425262e-04
6.989058841722692428e+00 3.461812495724189143e-01 8.454099061097280305e-04
7.431167295575668241e+00 3.617050436470243824e-01 5.960690124232672369e-04
7.901242302493189484e+00 3.776601145694230000e-01 7.731837916504811581e-04
8.401052948959568667e+00 3.934943220546452958e-01 8.723867175888919048e-04
8.932480228957398793e+00 4.095104662247545102e-01 7.829652359162338638e-04
9.497524122925135259e+00 4.259797593625190837e-01 8.386651307166674649e-04
1.009831112450985735e+01 4.411287930311454941e-01 7.487708526675634566e-04
1.073710224344153374e+01 4.564657706278174021e-01 9.132419753992811673e-04
1.141630151464686804e+01 4.719319561353844672e-01 7.509315222409969045e-04
1.213846504562607009e+01 4.863495624667003026e-01 8.972932321612453769e-04
1.290631063614156915e+01 5.005231997953936141e-01 6.238383301477826333e-04
1.372272800642147494e+01 5.145366167799594326e-01 8.832251724390849986e-04
1.459078967237083724e+01 5.277720048775433881e-01 1.171893271006390312e-03
1.551376250871854801e+01 5.405576656595818541e-01 9.619671762305542252e-04
1.649512004361679374e+01 5.520961255726671846e-01 9.576211267380833241e-04
1.753855553096277120e+01 5.631363440900931661e-01 8.503896697053017458e-04
1.864799584963911272e+01 5.736396683010234199e-01 9.005306337695076577e-04
1.982761628198169035e+01 5.839286679997507390e-01 7.625307711441082917e-04
2.108185622709229179e+01 5.927011679436522407e-01 8.594202525182302382e-04
2.241543590813173026e+01 6.010751835704339907e-01 8.456283129055336932e-04
2.383337413647005576e+01 6.089634461209412208e-01 8.724468067612923487e-04
2.534100719954741621e+01 6.160982824410943248e-01 1.123708657573863371e-03
2.694400894352866160e+01 6.227893600078922010e-01 8.148765744417354670e-04
2.864841212633088929e+01 6.289182723405079001e-01 9.630349487722506333e-04
3.046063112138416074e+01 6.340615580563984111e-01 1.039061026712701690e-03
3.238748605756919119e+01 6.394019216188551180e-01 9.934525380660200449e-04
3.443622848618027632e+01 6.439205480845624496e-01 1.193336676371750844e-03
3.661456867150919692e+01 6.480712795341797561e-01 9.576679920387158682e-04
3.893070460775559383e+01 6.511061660797742290e-01 1.566445464133812623e-03
4.139335287146647602e+01 6.545247231108914931e-01 1.402497304603249470e-03
4.401178142561554552e+01 6.564501477140227692e-01 1.914640167700604493e-03
4.679584449877718555e+01 6.573920918803076718e-01 1.273140984152355392e-03
4.975601967066043585e+01 6.598256587472187684e-01 8.804441260039968164e-04
5.290344730357069380e+01 6.616166944233542457e-01 9.293040328302456209e-04
5.624997246819629027e+01 6.626961098531918282e-01 8.359816631593554098e-04
5.980818952150371359e+01 6.647078132116930327e-01 8.138885624893105793e-04
6.359148950450690307e+01 6.659608301654380558e-01 1.067176153622829493e-03
6.761411053828769013e+01 6.672792403172349562e-01 9.572591385797217176e-04
7.189119140792857365e+01 6.685434092535288420e-01 7.847811703354359890e-04
7.643882853601625982e+01 6.700379779848668615e-01 9.261975896433193283e-04
8.127413656013085586e+01 6.714604354158730803e-01 1.221931953366460098e-03
8.641531274229872395e+01 6.725241913377525416e-01 1.167920846974732346e-03
9.188170545280881640e+01 6.720613489741874558e-01 1.275808518641983981e-03
9.769388698612429778e+01 6.721476863515641886e-01 9.530655740628629028e-04
1.038737309829272704e+02 6.726721448956893834e-01 1.104547041661030739e-03
1.104444947496667879e+02 6.734313864024146223e-01 7.715396326607416259e-04
1.174309067854127733e+02 6.739197972601036479e-01 8.706654673837154563e-04
1.248592598454157638e+02 6.741540855508934005e-01 6.635219324626730805e-04
1.327575098916090326e+02 6.745158973750158271e-01 8.389974290613598637e-04
1.411553813024445674e+02 6.747543061578711310e-01 8.012518232532475854e-04
1.500844787380112848e+02 6.748891865758565034e-01 9.014611013091733925e-04
1.595784060814296481e+02 6.752639557998814102e-01 7.242752474718043608e-04
1.696728929041494780e+02 6.754415246595100175e-01 9.234189108072797091e-04
1.804059289310897327e+02 6.757261395256046743e-01 9.044148248043580368e-04
1.918179070116712523e+02 6.753706627133830853e-01 9.229161512550792873e-04
2.039517751347991066e+02 6.757675298163259292e-01 7.797690248153253938e-04
2.168531980598907865e+02 6.757016100080670551e-01 1.033645559462188085e-03
2.305707291722344223e+02 6.760591889692495471e-01 8.020851023917936274e-04
2.451559932094397425e+02 6.759267977688121487e-01 5.725543830580003251e-04
2.606638805466567419e+02 6.756949259705409272e-01 8.852847365910256582e-04
2.771527537717381051e+02 6.760237497945615903e-01 9.432333974969091131e-04
2.946846673277718196e+02 6.757245300904589635e-01 1.009718907535082618e-03
3.133256010495928194e+02 6.757512965573977404e-01 1.020928527147803213e-03
3.331457084731620171e+02 6.755991616314765968e-01 9.449547044136016871e-04
3.542195808523105711e+02 6.757682188850517857e-01 9.488501154113160264e-04
3.766265278764486197e+02 6.753819058232659600e-01 9.317311903149469486e-04
4.004508761456970660e+02 6.754093476997837797e-01 8.130214924050004890e-04
4.257822865267270345e+02 6.751294369589562194e-01 1.184153711389030871e-03
4.527160915836490176e+02 6.750548694318199150e-01 1.013469561690722928e-03
4.813536543538425008e+02 6.745129358456616320e-01 5.576089083907419860e-04
5.118027498189484277e+02 6.741962151299457640e-01 8.779391761234159796e-04
5.441779705066569477e+02 6.743625434182675127e-01 7.987988105260574899e-04
5.786011577497404232e+02 6.735836979893539134e-01 9.522972861480789256e-04
6.152018602253298241e+02 6.728108416033669048e-01 9.626871905118806246e-04
6.541178215001177705e+02 6.727960478327876803e-01 1.212350685310893163e-03
6.954954984163151721e+02 6.718124274936836393e-01 1.063391259617330574e-03
7.394906122692630106e+02 6.717666482176370968e-01 1.252496684032712061e-03
7.862687348510111178e+02 6.712661316557364533e-01 1.243118907561756303e-03
8.360059115653845083e+02 6.698008423736622197e-01 1.143873070187381193e-03
8.888893239595801106e+02 6.691475605579189079e-01 1.226308954520705704e-03
9.451179941656706660e+02 6.682793925946326485e-01 1.171636337892833710e-03
1.004903533903122820e+03 6.668540286354291968e-01 1.623333387861118464e-03
1.068470940861138160e+03 6.653188624403866269e-01 1.648537888568558842e-03
1.136059445457919765e+03 6.640266204572661257e-01 1.859285235983799793e-03
1.207923411163589890e+03 6.624486065136274693e-01 1.937486483635026324e-03
1.284333291775028101e+03 6.607040807988149300e-01 1.911692144100986127e-03
1.365576649245259659e+03 6.582504391027416135e-01 2.786911799071544599e-03
1.451959235897905273e+03 6.561834412890322765e-01 2.195094147674929441e-03
1.543806145099509195e+03 6.533330490750026698e-01 2.646572613740401630e-03
1.641463034720205769e+03 6.504925980832723109e-01 3.031978602350522169e-03
1.745297427987107540e+03 6.468314608231396923e-01 3.219636913580614049e-03
1.855700096626075037e+03 6.429358200766326359e-01 3.714684255261199112e-03
1.973086531497175656e+03 6.387732430461628974e-01 3.711029445334465288e-03
2.097898506258477937e+03 6.339633752764372021e-01 4.287537490312466094e-03
2.230605739942861419e+03 6.285552972214143441e-01 4.258252141714923347e-03
2.371707664704827948e+03 6.228781904807514369e-01 4.552355386043241761e-03
2.521735305390058329e+03 6.161334161903511131e-01 4.963964375819748982e-03
2.681253278001326180e+03 6.092318004904681006e-01 5.168296422742666568e-03
2.850861914581813835e+03 6.015939769502276491e-01 5.255596934377877553e-03
3.031199522512645672e+03 5.926141259088801849e-01 5.604084772649337368e-03
3.222944786727305654e+03 5.836327050121519200e-01 6.314537596363607209e-03
3.426819323883485140e+03 5.732779250069099941e-01 6.435862246124079977e-03
3.643590398104716769e+03 5.624174823186220973e-01 6.095857377231049014e-03
3.874073808512315281e+03 5.509111227150470524e-01 6.376914304315767050e-03
4.119136959414549892e+03 5.381030655224935400e-01 6.787259178418120036e-03
4.379702124707469920e+03 5.246939389175666602e-01 7.004064174833490516e-03
4.656749918772649835e+03 5.111241885935219331e-01 6.553293882127178560e-03
4.951322986934297660e+03 4.976264208862082872e-01 6.855558847162772536e-03
5.264529929364420241e+03 4.817132553825674290e-01 6.915797522049323479e-03
5.597549473203363050e+03 4.668994189466600941e-01 6.461516853280752093e-03
5.951634908597050526e+03 4.509634526017763934e-01 6.762054997351751515e-03
6.328118805345682631e+03 4.351994955915173269e-01 6.506299470376317867e-03
6.728418027914500271e+03 4.185031152140365474e-01 6.210775541028798995e-03
7.154039067680214430e+03 4.023061932539014895e-01 5.729667779732021925e-03
7.606583712480527538e+03 3.861535407732673009e-01 5.784543424546473994e-03
8.087755074803624666e+03 3.694108158894066074e-01 5.800358379579227674e-03
8.599364001304184058e+03 3.535152407460532276e-01 5.483918539554379426e-03
9.143335887767574604e+03 3.371026286636013003e-01 4.812474662734198862e-03
9.721717925169761656e+03 3.221675859493086103e-01 4.789484365038912395e-03
1.033668680410284651e+04 3.063872177903578797e-01 4.635989534289977794e-03
1.099055690656115439e+04 2.921578669445779597e-01 4.361392821104860713e-03
1.168578901591698741e+04 2.774112029554147152e-01 4.090812719850789314e-03
1.242499957786522828e+04 2.630602956545348703e-01 3.487167963641341854e-03
1.321097054718960135e+04 2.501579329942141827e-01 3.983657934442282923e-03
1.404665985740802353e+04 2.364987928505978831e-01 4.133576436377016036e-03
1.493521255269859648e+04 2.243818036901406854e-01 3.599154823108142217e-03
1.587997262400050022e+04 2.124376269055009980e-01 3.257551085026906979e-03
1.688449559383343876e+04 2.005776768104589325e-01 3.407961677069419777e-03
1.795256189719813119e+04 1.903032031063678076e-01 3.222064558381497034e-03
1.908819110891525270e+04 1.802307711542474322e-01 2.841713747279274102e-03
2.029565707094635218e+04 1.696152813652391789e-01 2.783561383303607972e-03
2.157950397662709292e+04 1.608914521471021264e-01 2.589417166993688516e-03
2.294456347234442364e+04 1.516970587544958227e-01 2.308581922003699605e-03
2.439597284101835248e+04 1.433173950198514957e-01 2.537231176280563098e-03
2.593919433582026249e+04 1.353852601299683212e-01 2.475253230006804576e-03
2.758003573688860706e+04 1.282909430560912611e-01 1.814575224312757517e-03
2.932467220840530354e+04 1.207881961552623451e-01 2.220871033556468931e-03
3.117966953829010890e+04 1.134135702279961411e-01 1.745164368042978476e-03
3.315200884797353501e+04 1.068266975213666148e-01 1.810068109713642648e-03
3.524911286524133902e+04 1.010148100016322187e-01 1.924136085755264120e-03
3.747887385902626556e+04 9.512728997790187435e-02 1.863796809976935812e-03
3.984968334127704293e+04 8.983830033792475356e-02 1.440537776175647173e-03
4.237046364768524654e+04 8.411878903301910071e-02 1.655146472283156945e-03
4.505070151612113841e+04 7.938600832220990555e-02 1.394359568575222457e-03
4.790048378914817295e+04 7.537863099846744963e-02 1.700728736649198113e-03
5.093053537497932848e+04 7.049723740703313368e-02 1.547596262185903238e-03
5.415225960973858309e+04 6.649326105929007080e-02 1.311390434175480676e-03
5.757778117292595562e+04 6.326243178193793892e-02 1.624620733484140409e-03
6.121999171759678575e+04 5.910982201648828926e-02 1.471984007056281523e-03
6.509259838697880332e+04 5.605334673739205409e-02 1.057994731242677990e-03
6.921017540011589881e+04 5.284571808422632022e-02 1.260334297065251628e-03
7.358821890067633649e+04 4.956114675384844931e-02 1.174246416248048500e-03
7.824320527534437133e+04 4.726506438571129176e-02 1.135579018425014828e-03
8.319265316127134429e+04 4.458304970905573733e-02 1.352589759466964322e-03
8.845518937594581803e+04 4.186580974028162455e-02 9.024796831930538641e-04
9.405061901760446199e+04 3.962982427646882105e-02 9.718662891972665524e-04
1.000000000000000000e+05 3.717164873895806992e-02 1.250857494744764872e-03
