# f  Gain  sGain
5.000000000000000000e-01 3.483280537546364769e-02 8.986551426713980731e-03
5.316286115101588328e-01 3.406202451162330946e-02 6.363900126816009108e-04
5.652579611524387593e-01 3.596786210096378222e-02 5.928230007691746807e-04
6.010146100650685108e-01 3.847800061338643024e-02 8.180751452111667977e-04
6.390331252924238425e-01 4.085429062609332446e-02 7.060139752900632462e-04
6.794565862164172465e-01 4.357389435301560476e-02 5.290175134375043253e-04
7.224371230233327390e-01 4.608532576453563262e-02 7.924937804938117416e-04
7.681364892325763805e-01 4.900008584069053680e-02 5.738376318214345826e-04
8.167266704420051981e-01 5.196277783655923327e-02 5.390920113663882126e-04
8.683905315807965986e-01 5.492898796288515906e-02 5.786102052098333025e-04
9.233225051057352140e-01 5.811907441696959747e-02 7.900392035522387337e-04
9.817293227308869774e-01 6.217842897542150138e-02 9.085950488372673437e-04
1.043830793444460170e+00 6.620694494324039225e-02 4.855810392958370496e-04
1.109860630740851395e+00 7.022302444051140013e-02 7.860267219087565139e-04
1.180067332181095940e+00 7.444893107563337054e-02 9.008803391731744171e-04
1.254715114591866687e+00 7.926784149404798863e-02 5.116030664316451385e-04
1.334084908422567661e+00 8.414029498024450104e-02 7.660453948119907465e-04
1.418475415002693918e+00 8.867641973851261850e-02 6.504920224945301291e-04
1.508204230678356961e+00 9.439192580409236366e-02 9.752355413363555936e-04
1.603609042058564249e+00 1.009384471167193292e-01 8.308404994464129454e-04
1.705048896869460817e+00 1.070165459189893198e-01 7.584495757164381883e-04
1.812905555199278540e+00 1.137079455131550648e-01 7.888336531422038018e-04
1.927584926219292338e+00 1.211680496128834245e-01 7.914853963327675782e-04
2.049518595787748865e+00 1.281164966950268380e-01 8.698587895037098502e-04
2.179165450685782268e+00 1.359755006868373639e-01 8.161168148685329785e-04
2.317013405597983855e+00 1.443647398855669173e-01 8.608487383168062336e-04
2.463581239336960937e+00 1.529737017973384072e-01 9.973305007737875028e-04
2.619420547222369500e+00 1.623916885751156003e-01 6.531472351093691201e-04
2.785117816962017656e+00 1.722456893242964304e-01 4.987882473763685307e-04
2.961296635847443515e+00 1.828370660025190886e-01 6.488203218589684443e-04
3.148620037570561969e+00 1.940808940137722371e-01 8.413099984494044718e-04
3.347792997493403533e+00 2.053325086451567860e-01 8.730008100924797204e-04
3.559565085761701830e+00 2.182041106108343620e-01 6.973381203898568670e-04
3.784733288247066341e+00 2.311579961555049745e-01 8.092529103455015603e-04
4.024145005934129493e+00 2.448751984022382588e-01 7.230859304406759419e-04
4.278701244040601814e+00 2.590421864780035333e-01 4.223822731655171251e-04
4.549360002872189668e+00 2.741754403215840852e-01 7.010096136685953737e-04
4.837139883173589006e+00 2.894206670323159480e-01 5.915750595840323697e-04
5.143123919543971745e+00 3.059060495069897967e-01 8.848607650718975535e-04
5.468463656343694801e+00 3.232605371955364904e-01 1.002613679561607579e-03
5.814383481431530498e+00 3.418652141226887209e-01 8.709613747341105614e-04
6.182185234042095523e+00 3.609553827519557112e-01 9.317357774159091503e-04
6.573253104144808567e+00 3.802205730498977032e-01 5.676044727334010175e-04
6.989058841722692428e+00 3.998990218886430137e-01 9.241492583104310736e-04
7.431167295575668241e+00 4.213990844738150221e-01 7.018331418282195387e-04
7.901242302493189484e+00 4.429187260308967700e-01 4.860402994408163013e-04
8.401052948959568667e+00 4.643374444128773870e-01 6.053968377014212667e-04
8.932480228957398793e+00 4.868557463691858822e-01 8.368054877603048379e-04
9.497524122925135259e+00 5.093324935486167604e-01 8.061337857345318020e-04
1.009831112450985735e+01 5.325072121392916413e-01 8.951755527835188360e-04
1.073710224344153374e+01 5.558191422918671298e-01 7.306316768984339296e-04
1.141630151464686804e+01 5.792248102729030679e-01 8.210656058194226769e-04
1.213846504562607009e+01 6.021898222714515692e-01 7.602898264975164067e-04
1.290631063614156915e+01 6.259831208227313315e-01 7.855862560341181789e-04
1.372272800642147494e+01 6.487249944157174042e-01 6.879657466581665191e-04
1.459078967237083724e+01 6.714874903851930643e-01 6.169450138989251249e-04
1.551376250871854801e+01 6.933085289890341674e-01 7.841215001729314295e-04
1.649512004361679374e+01 7.145313593291775511e-01 1.059835577533209047e-03
1.753855553096277120e+01 7.356092430390482884e-01 8.903293661354781978e-04
1.864799584963911272e+01 7.555396419715396661e-01 7.865720739253952414e-04
1.982761628198169035e+01 7.747971751198662327e-01 8.414418866210047598e-04
2.108185622709229179e+01 7.929195086263139958e-01 8.809449781718637533e-04
2.241543590813173026e+01 8.097502192790935194e-01 8.988496371936927336e-04
2.383337413647005576e+01 8.254433306347690458e-01 1.046799029876064680e-03
2.534100719954741621e+01 8.410459849501370488e-01 1.087015766668219781e-03
2.694400894352866160e+01 8.556300539982473197e-01 8.170239041655192030e-04
2.864841212633088929e+01 8.684534496315196028e-01 9.473059245060741918e-04
3.046063112138416074e+01 8.810713598792500045e-01 1.365673558366602711e-03
3.238748605756919119e+01 8.907291202747089631e-01 9.257238660761912732e-04
3.443622848618027632e+01 8.999109497981357952e-01 1.098044237099911379e-03
3.661456867150919692e+01 9.063243459313472528e-01 1.420531537518596307e-03
3.893070460775559383e+01 9.127835122128220569e-01 1.740219419409766780e-03
4.139335287146647602e+01 9.187279095564885312e-01 1.820765798759777952e-03
4.401178142561554552e+01 9.232618372688665698e-01 1.199895748349052950e-03
4.679584449877718555e+01 9.266128315449031483e-01 1.499403817444331473e-03
4.975601967066043585e+01 9.284598454806982648e-01 1.236720745193097513e-03
5.290344730357069380e+01 9.287433170768648605e-01 9.385432779779810360e-04
5.624997246819629027e+01 9.294249642309050374e-01 1.060871284261280870e-03
5.980818952150371359e+01 9.298866174100667292e-01 1.308819749483865506e-03
6.359148950450690307e+01 9.298997164214739541e-01 6.305758345692257655e-04
6.761411053828769013e+01 9.300464337771455758e-01 1.570472291749235938e-03
7.189119140792857365e+01 9.297431845432748698e-01 1.107799592750798989e-03
7.643882853601625982e+01 9.290076714032321492e-01 9.091368658738292925e-04
8.127413656013085586e+01 9.293557171376635173e-01 1.134710607537465794e-03
8.641531274229872395e+01 9.280332190036711948e-01 9.809267285309647422e-04
9.188170545280881640e+01 9.269997508760000615e-01 9.291884228910538349e-04
9.769388698612429778e+01 9.261118551647939956e-01 1.034977100755558703e-03
1.038737309829272704e+02 9.245982072917444672e-01 1.032057114212502156e-03
1.104444947496667879e+02 9.230440406004029041e-01 9.440776713839826775e-04
1.174309067854127733e+02 9.220733793210574847e-01 1.001577981178591739e-03
1.248592598454157638e+02 9.195522809354449434e-01 9.227826207226135294e-04
1.327575098916090326e+02 9.172078092790302284e-01 9.849802564464763509e-04
1.411553813024445674e+02 9.145700951367646825e-01 1.064941409418636168e-03
1.500844787380112848e+02 9.116663857102847990e-01 1.067222909518700420e-03
1.595784060814296481e+02 9.074837759511821256e-01 1.602179636820126379e-03
1.696728929041494780e+02 9.030071119044863481e-01 9.518858398425120203e-04
1.804059289310897327e+02 8.980381028973238866e-01 1.290619127731914466e-03
1.918179070116712523e+02 8.927873129487888804e-01 1.004359361888438294e-03
2.039517751347991066e+02 8.866062008780343229e-01 1.172926680600881125e-03
2.168531980598907865e+02 8.796205128246171734e-01 1.171081928004587486e-03
2.305707291722344223e+02 8.713887778145306129e-01 1.440424079025673853e-03
2.451559932094397425e+02 8.622483862345674543e-01 1.124916043425623017e-03
2.606638805466567419e+02 8.531179667187556159e-01 8.586341683337764350e-04
2.771527537717381051e+02 8.423630398250819828e-01 1.482821804930130848e-03
2.946846673277718196e+02 8.304527856656775953e-01 9.654646971414720166e-04
3.133256010495928194e+02 8.183945438928851290e-01 1.066508429808836174e-03
3.331457084731620171e+02 8.032778185457613018e-01 9.972227716097872147e-04
3.542195808523105711e+02 7.884486484209827228e-01 1.008535873230969378e-03
3.766265278764486197e+02 7.723792082757672262e-01 1.207959672121736725e-03
4.004508761456970660e+02 7.549542665574371370e-01 8.161217278118001409e-04
4.257822865267270345e+02 7.373516772232135974e-01 7.021094269657267945e-04
4.527160915836490176e+02 7.182486526559502815e-01 1.025477823221238906e-03
4.813536543538425008e+02 6.986401486772881864e-01 1.009275958601639923e-03
5.118027498189484277e+02 6.776283540334658850e-01 5.870182095657971392e-04
5.441779705066569477e+02 6.566304611831598192e-01 7.568340811806979719e-04
5.786011577497404232e+02 6.351628232934035667e-01 8.957510996376347005e-04
6.152018602253298241e+02 6.130379862845238836e-01 5.455581389973440404e-04
6.541178215001177705e+02 5.905569384480899853e-01 8.791682498620309637e-04
6.954954984163151721e+02 5.675964035372085270e-01 9.414011166098692433e-04
7.394906122692630106e+02 5.451128363230819396e-01 7.824320407702214063e-04
7.862687348510111178e+02 5.220830364944502033e-01 7.666145631433426023e-04
8.360059115653845083e+02 4.999504514129740618e-01 8.683387735093357589e-04
8.888893239595801106e+02 4.780020357807144848e-01 9.296587951985050072e-04
9.451179941656706660e+02 4.563500246730097243e-01 5.412285535583847207e-04
1.004903533903122820e+03 4.350642853726827686e-01 8.510452278785941762e-04
1.068470940861138160e+03 4.137194848172703887e-01 8.879946657311158734e-04
1.136059445457919765e+03 3.937303274003492448e-01 8.466578612147863427e-04
1.207923411163589890e+03 3.738121611717670212e-01 7.244328494193836860e-04
1.284333291775028101e+03 3.542792958445362128e-01 8.291291411849785941e-04
1.365576649245259659e+03 3.360562927765328722e-01 1.279117238840673338e-03
1.451959235897905273e+03 3.187511681145646092e-01 1.016502297596355835e-03
1.543806145099509195e+03 3.022028841688676470e-01 6.268627178162990794e-04
1.641463034720205769e+03 2.861368558046508692e-01 1.253439314909207073e-03
1.745297427987107540e+03 2.708941153101151467e-01 9.020845028637537212e-04
1.855700096626075037e+03 2.560568267967743283e-01 9.584908986755721026e-04
1.973086531497175656e+03 2.415564696738224382e-01 9.991419936713533644e-04
2.097898506258477937e+03 2.280129798514670125e-01 8.455932279843031548e-04
2.230605739942861419e+03 2.157230002539720914e-01 9.757959759811857389e-04
2.371707664704827948e+03 2.037215008578428521e-01 1.137549047116094732e-03
2.521735305390058329e+03 1.925803855845366064e-01 1.418673571684038502e-03
2.681253278001326180e+03 1.817531496163050098e-01 8.427993203155520561e-04
2.850861914581813835e+03 1.711259861966533680e-01 9.128479090966315750e-04
3.031199522512645672e+03 1.615584485182005592e-01 9.166529552527967906e-04
3.222944786727305654e+03 1.525844011770306763e-01 9.596042512023739753e-04
3.426819323883485140e+03 1.442814380717432343e-01 7.358252246157158481e-04
3.643590398104716769e+03 1.362938818780840000e-01 8.981416598966373123e-04
3.874073808512315281e+03 1.278614839572180251e-01 1.011019455818523054e-03
4.119136959414549892e+03 1.207452976589598881e-01 1.004160322374122007e-03
4.379702124707469920e+03 1.138561489325293913e-01 9.910353928733117105e-04
4.656749918772649835e+03 1.074896484153526621e-01 7.336106235792484503e-04
4.951322986934297660e+03 1.012321959986163394e-01 7.753887380840795420e-04
5.264529929364420241e+03 9.415240209041689234e-02 7.557538071674135957e-04
5.597549473203363050e+03 8.770370621565418134e-02 6.113517668769032293e-04
5.951634908597050526e+03 8.147959715896090083e-02 7.485665144174050373e-04
6.328118805345682631e+03 7.414174536285751682e-02 7.496040052736863959e-04
6.728418027914500271e+03 6.966033725296011392e-02 7.929238257243728400e-04
7.154039067680214430e+03 6.105455643263905247e-02 1.031257543347513083e-03
7.606583712480527538e+03 5.345176139910843421e-02 9.409983008212079690e-04
8.087755074803624666e+03 4.720856985981714687e-02 1.178450070973591311e-03
8.599364001304184058e+03 4.308490694162988438e-02 1.094156385506244757e-03
9.143335887767574604e+03 3.895158800739914606e-02 7.740038916315012665e-04
9.721717925169761656e+03 3.549961154661132601e-02 8.560971622288128481e-04
1.033668680410284651e+04 3.154051163152107873e-02 8.439068843583510428e-04
1.099055690656115439e+04 2.833100340379368989e-02 1.046604972368555056e-03
1.168578901591698741e+04 2.582584483307786075e-02 1.304345468032727315e-03
1.242499957786522828e+04 2.368184797477729600e-02 1.065998515944525894e-03
1.321097054718960135e+04 2.185384422745305713e-02 1.220264193239275693e-03
1.404665985740802353e+04 1.903354613973952739e-02 8.523071970882402154e-04
1.493521255269859648e+04 1.709136939177115927e-02 9.391997112672013232e-04
1.587997262400050022e+04 1.535713624821738628e-02 9.138501874271857646e-04
1.688449559383343876e+04 1.448555132468676114e-02 1.028738547914197915e-03
1.795256189719813119e+04 1.311351027206528880e-02 1.041280942831132074e-03
1.908819110891525270e+04 1.221502388604400573e-02 9.723633202943929646e-04
2.029565707094635218e+04 1.127321043833109937e-02 1.136605359832399938e-03
2.157950397662709292e+04 1.036608070269672346e-02 9.786906300762959841e-04
2.294456347234442364e+04 9.443582979949908390e-03 1.082485243459298295e-03
2.439597284101835248e+04 8.920264831047203941e-03 1.059721175787554882e-03
2.593919433582026249e+04 9.024938402861133052e-03 1.019935019955067138e-03
2.758003573688860706e+04 8.544669703877464523e-03 1.005239366135701621e-03
2.932467220840530354e+04 7.557224920383616082e-03 7.375025169369216682e-04
3.117966953829010890e+04 6.681756927803678137e-03 6.981649598952548944e-04
3.315200884797353501e+04 6.663166580140314141e-03 9.579009821369766997e-04
3.524911286524133902e+04 6.557250414227505306e-03 5.541910311964814810e-04
3.747887385902626556e+04 6.550960483048500274e-03 1.234261903533140402e-03
3.984968334127704293e+04 5.550844852241209118e-03 1.078088769370276088e-03
4.237046364768524654e+04 6.127119613454539218e-03 9.593056555273105253e-04
4.505070151612113841e+04 5.467106008806693444e-03 1.077572152352686621e-03
4.790048378914817295e+04 5.884686810230966604e-03 1.126581057846150593e-03
5.093053537497932848e+04 4.856328243363362482e-03 1.052206314997205377e-03
5.415225960973858309e+04 4.776066759576992268e-03 9.530235588954685333e-04
5.757778117292595562e+04 4.760623725710250859e-03 1.190353186011004240e-03
6.121999171759678575e+04 5.367488801731496416e-03 8.552493306068862516e-04
6.509259838697880332e+04 4.840353611196279715e-03 1.174155924544587884e-03
6.921017540011589881e+04 4.716147319449285127e-03 1.139893738767455960e-03
7.358821890067633649e+04 4.479829073964352280e-03 1.082592697635092116e-03
7.824320527534437133e+04 4.120534716839995698e-03 6.792625956751574502e-04
8.319265316127134429e+04 4.156854348966742413e-03 1.014936775821205159e-03
8.845518937594581803e+04 4.085526383353020249e-03 9.588801612721700512e-04
9.405061901760446199e+04 4.181933940325920952e-03 6.504277499653192017e-04
1.000000000000000000e+05 3.752667385695355757e-03 8.014831053966161006e-04
