# f  Gain  sGain
5.000000000000000000e-01 3.261155015917924227e-02 6.704434694022327456e-04
5.316286115101588328e-01 3.438641558499178769e-02 8.281098049759635406e-04
5.652579611524387593e-01 3.688011262988713512e-02 6.211493294879384371e-04
6.010146100650685108e-01 3.873174233438819031e-02 7.635064561489216450e-04
6.390331252924238425e-01 4.115969097799108967e-02 6.924341408628217507e-04
6.794565862164172465e-01 4.395654230531873680e-02 7.501741448999573120e-04
7.224371230233327390e-01 4.633780232463979853e-02 1.011779124531606575e-03
7.681364892325763805e-01 4.917501761637170510e-02 5.645882245759422432e-04
8.167266704420051981e-01 5.226950142585142650e-02 5.379588118056503193e-04
8.683905315807965986e-01 5.532410222746704520e-02 7.083658344699621766e-04
9.233225051057352140e-01 5.908121367045863354e-02 6.821678314516365065e-04
9.817293227308869774e-01 6.238149536209963014e-02 7.624495174050140199e-04
1.043830793444460170e+00 6.612389673166292614e-02 7.478637337712375427e-04
1.109860630740851395e+00 7.051801503482145461e-02 8.591590771766611850e-04
1.180067332181095940e+00 7.529517295122768739e-02 5.295926924539317128e-04
1.254715114591866687e+00 8.006673048372309198e-02 6.091296928132230526e-04
1.334084908422567661e+00 8.483994447193832222e-02 7.682986128856267392e-04
1.418475415002693918e+00 8.960624290744557963e-02 6.868301809751088498e-04
1.508204230678356961e+00 9.513118435231852910e-02 7.973099681727260782e-04
1.603609042058564249e+00 1.018415435287230025e-01 5.293850974872305829e-04
1.705048896869460817e+00 1.076039594027566187e-01 3.823467474559674424e-04
1.812905555199278540e+00 1.142577828168475779e-01 5.431407606325422020e-04
1.927584926219292338e+00 1.216822301627425579e-01 7.091257658821601122e-04
2.049518595787748865e+00 1.291243668040397696e-01 7.814369247462054366e-04
2.179165450685782268e+00 1.366994347173498270e-01 6.072824667357456510e-04
2.317013405597983855e+00 1.451755340476309775e-01 5.608212870779816965e-04
2.463581239336960937e+00 1.535533761108613393e-01 6.714574667062692039e-04
2.619420547222369500e+00 1.631646057326425481e-01 6.803325813347291251e-04
2.785117816962017656e+00 1.730520198914949903e-01 6.925029888030018307e-04
2.961296635847443515e+00 1.839048459755524834e-01 6.625502658845888997e-04
3.148620037570561969e+00 1.949760083171175606e-01 6.679489927077369993e-04
3.347792997493403533e+00 2.064690392260638552e-01 1.108002211161633610e-03
3.559565085761701830e+00 2.190317510399521772e-01 9.378616742463679505e-04
3.784733288247066341e+00 2.321538817287453760e-01 7.859556584556032666e-04
4.024145005934129493e+00 2.462242435510305361e-01 7.485192001842028804e-04
4.278701244040601814e+00 2.604002479487848576e-01 9.053146097688182826e-04
4.549360002872189668e+00 2.757946205082520419e-01 9.461122852682417924e-04
4.837139883173589006e+00 2.912638978924710353e-01 8.387683657179375316e-04
5.143123919543971745e+00 3.082100945980902895e-01 7.138459035144333617e-04
5.468463656343694801e+00 3.254120833608298846e-01 9.180547793762066549e-04
5.814383481431530498e+00 3.437770651379310483e-01 9.407406736010872576e-04
6.182185234042095523e+00 3.629552644502546666e-01 7.196954183233524255e-04
6.573253104144808567e+00 3.823619228538923109e-01 6.800814573297126429e-04
6.989058841722692428e+00 4.024223524635492377e-01 7.251781678828803828e-04
7.431167295575668241e+00 4.239346776110687331e-01 1.063564492721452096e-03
7.901242302493189484e+00 4.450419137964662375e-01 1.005204637429153941e-03
8.401052948959568667e+00 4.667087795485834190e-01 6.433204705094331321e-04
8.932480228957398793e+00 4.894378135486051051e-01 6.912498127097782812e-04
9.497524122925135259e+00 5.119397050695370099e-01 8.340330274441180251e-04
1.009831112450985735e+01 5.358259553694700861e-01 9.814494863288822368e-04
1.073710224344153374e+01 5.590414979509817917e-01 7.893372708788368121e-04
1.141630151464686804e+01 5.827334873404590443e-01 1.199536850050570477e-03
1.213846504562607009e+01 6.063736134608206374e-01 6.379325837137941142e-04
1.290631063614156915e+01 6.301843147811945212e-01 8.865689983529978328e-04
1.372272800642147494e+01 6.530861945542782987e-01 8.883269482032299554e-04
1.459078967237083724e+01 6.759260309759745899e-01 9.971345308024820442e-04
1.551376250871854801e+01 6.973593807429394609e-01 9.158700458311964205e-04
1.649512004361679374e+01 7.191363398187017308e-01 8.408101126212152998e-04
1.753855553096277120e+01 7.403437638383301156e-01 9.060862588347065550e-04
1.864799584963911272e+01 7.598408449337392678e-01 1.167559115218130047e-03
1.982761628198169035e+01 7.795680345774084197e-01 8.239416237246289295e-04
2.108185622709229179e+01 7.978628347909477725e-01 6.976609471904284248e-04
2.241543590813173026e+01 8.152190076936488561e-01 1.002108071822619718e-03
2.383337413647005576e+01 8.315470413084772305e-01 9.740011860831234661e-04
2.534100719954741621e+01 8.468366995880651782e-01 1.024847532261158279e-03
2.694400894352866160e+01 8.615124024855295159e-01 1.078459987286907755e-03
2.864841212633088929e+01 8.742590857179391994e-01 1.175594025948096177e-03
3.046063112138416074e+01 8.865040995534632096e-01 9.174024918576000011e-04
3.238748605756919119e+01 8.980055317328839992e-01 1.161873722100160381e-03
3.443622848618027632e+01 9.064986815516018481e-01 1.006177354775423909e-03
3.661456867150919692e+01 9.142119042201848345e-01 1.657874116992331124e-03
3.893070460775559383e+01 9.205126900940695522e-01 1.157703780198788982e-03
4.139335287146647602e+01 9.273644762582765599e-01 1.615645136106609895e-03
4.401178142561554552e+01 9.321639418244088704e-01 1.301436747873116299e-03
4.679584449877718555e+01 9.348217977554204028e-01 1.039057483207085587e-03
4.975601967066043585e+01 9.358022728887985808e-01 1.057997152032268909e-03
5.290344730357069380e+01 9.369370266735571606e-01 1.013360027167891459e-03
5.624997246819629027e+01 9.372695495156716516e-01 8.920340497335340138e-04
5.980818952150371359e+01 9.382372943805041832e-01 1.121570015400800112e-03
6.359148950450690307e+01 9.387129207310090928e-01 8.264828418349508352e-04
6.761411053828769013e+01 9.388120133648917287e-01 1.125621360823256733e-03
7.189119140792857365e+01 9.397676900741368522e-01 8.939654282084869355e-04
7.643882853601625982e+01 9.401275287917856271e-01 1.276342002930627067e-03
8.127413656013085586e+01 9.406512749608721968e-01 9.904184088528188590e-04
8.641531274229872395e+01 9.410089128538188241e-01 1.329691446844594779e-03
9.188170545280881640e+01 9.408250437411876943e-01 6.954993160239933544e-04
9.769388698612429778e+01 9.411396060155152732e-01 1.090685137565965222e-03
1.038737309829272704e+02 9.407635022368391331e-01 9.613625232555540138e-04
1.104444947496667879e+02 9.413859712512059330e-01 1.138752370802615429e-03
1.174309067854127733e+02 9.417347135171154626e-01 9.635744464551127073e-04
1.248592598454157638e+02 9.419435313174058244e-01 1.185347339829472078e-03
1.327575098916090326e+02 9.424456443714297471e-01 7.515107372967334788e-04
1.411553813024445674e+02 9.422036927690974339e-01 9.987039001195302176e-04
1.500844787380112848e+02 9.421447584197675251e-01 7.881631637366398428e-04
1.595784060814296481e+02 9.421331710603564336e-01 1.141235731355442345e-03
1.696728929041494780e+02 9.423760684062082449e-01 1.311408995571115149e-03
1.804059289310897327e+02 9.421320547616314212e-01 1.018569815715885665e-03
1.918179070116712523e+02 9.422994399338817662e-01 1.054306691652617421e-03
2.039517751347991066e+02 9.418063475335309853e-01 9.365389482284006356e-04
2.168531980598907865e+02 9.420802248492975428e-01 1.045822273880766661e-03
2.305707291722344223e+02 9.418886616040159643e-01 6.401660098805288593e-04
2.451559932094397425e+02 9.416419193285521239e-01 7.122805698192024876e-04
2.606638805466567419e+02 9.410653529635695236e-01 1.041444050921143914e-03
2.771527537717381051e+02 9.417278182445834034e-01 6.371092950463411609e-04
2.946846673277718196e+02 9.410599647284378921e-01 6.784223539901253295e-04
3.133256010495928194e+02 9.408349166420102438e-01 1.212303680775277592e-03
3.331457084731620171e+02 9.408726155221016629e-01 1.178961489153453925e-03
3.542195808523105711e+02 9.405460566121800481e-01 9.909496308278028381e-04
3.766265278764486197e+02 9.401526826177608598e-01 6.680700233065491739e-04
4.004508761456970660e+02 9.395942563300800909e-01 1.105842822847842273e-03
4.257822865267270345e+02 9.386316758721341413e-01 8.661497397452806333e-04
4.527160915836490176e+02 9.388054072872722422e-01 9.656755675905276783e-04
4.813536543538425008e+02 9.382091590512461332e-01 7.042626515991978709e-04
5.118027498189484277e+02 9.375304728633152562e-01 1.041464085272997839e-03
5.441779705066569477e+02 9.365487905360745380e-01 8.455135305807280014e-04
5.786011577497404232e+02 9.357432326965164915e-01 9.994828706260793644e-04
6.152018602253298241e+02 9.343957807380420810e-01 1.096840589538123798e-03
6.541178215001177705e+02 9.332712471145948596e-01 8.352424827375095088e-04
6.954954984163151721e+02 9.313702747684260430e-01 9.336140752351572251e-04
7.394906122692630106e+02 9.296818093336566280e-01 1.167676135198063335e-03
7.862687348510111178e+02 9.277692464715473486e-01 8.882701072367168256e-04
8.360059115653845083e+02 9.261991924976844537e-01 1.025397164841044834e-03
8.888893239595801106e+02 9.226212750946594099e-01 1.375974983191324006e-03
9.451179941656706660e+02 9.195277440435383198e-01 7.580483837426339050e-04
1.004903533903122820e+03 9.160147977512574924e-01 8.375721751700416357e-04
1.068470940861138160e+03 9.112475199876080012e-01 1.023601919380021834e-03
1.136059445457919765e+03 9.075856273994789003e-01 7.427694658270708218e-04
1.207923411163589890e+03 9.017241203355965684e-01 8.023407232449221958e-04
1.284333291775028101e+03 8.951237991127469762e-01 1.081985859160832040e-03
1.365576649245259659e+03 8.893907197685347876e-01 1.293741785538201489e-03
1.451959235897905273e+03 8.828634372496958482e-01 8.886116900634255435e-04
1.543806145099509195e+03 8.752580817508174293e-01 1.142495474245100538e-03
1.641463034720205769e+03 8.650245737039932159e-01 1.039776663618328760e-03
1.745297427987107540e+03 8.550500972740823213e-01 1.022265213006708692e-03
1.855700096626075037e+03 8.445747223575705842e-01 9.779677244541185987e-04
1.973086531497175656e+03 8.326271546340008323e-01 1.011434840014109561e-03
2.097898506258477937e+03 8.197681208098981376e-01 1.120104614169218542e-03
2.230605739942861419e+03 8.047975506518211253e-01 7.860877368789477094e-04
2.371707664704827948e+03 7.897567415334194596e-01 1.268063932345255950e-03
2.521735305390058329e+03 7.738312742434811931e-01 8.992860811182245596e-04
2.681253278001326180e+03 7.562810088927348628e-01 1.343387690563201163e-03
2.850861914581813835e+03 7.378275596755085042e-01 1.069593735464964297e-03
3.031199522512645672e+03 7.191979868555311572e-01 1.211177558404777192e-03
3.222944786727305654e+03 7.002345792401106772e-01 1.278281180681910875e-03
3.426819323883485140e+03 6.794730845313878831e-01 7.063385335022723472e-04
3.643590398104716769e+03 6.586608777003948312e-01 6.646602270386225714e-04
3.874073808512315281e+03 6.362211345773798321e-01 8.314597860627078677e-04
4.119136959414549892e+03 6.142852139637940967e-01 1.140341503484044831e-03
4.379702124707469920e+03 5.922521068695488777e-01 9.175720274634509635e-04
4.656749918772649835e+03 5.684936370383257831e-01 8.046230583970964819e-04
4.951322986934297660e+03 5.452544843904635341e-01 1.049079424739581034e-03
5.264529929364420241e+03 5.172174369351498768e-01 9.984961031311693786e-04
5.597549473203363050e+03 4.853687953442313296e-01 8.746802551902272066e-04
5.951634908597050526e+03 4.493005151068173997e-01 7.764202996185083855e-04
6.328118805345682631e+03 4.152576719940019867e-01 1.148004541683109170e-03
6.728418027914500271e+03 3.784747629596612040e-01 1.133361634174373219e-03
7.154039067680214430e+03 3.316962983206334648e-01 1.098139461422953378e-03
7.606583712480527538e+03 2.985832849540855372e-01 9.904259670810932302e-04
8.087755074803624666e+03 2.677392972595055709e-01 1.058158471667296815e-03
8.599364001304184058e+03 2.419306791322786698e-01 1.222978174372768611e-03
9.143335887767574604e+03 2.167859248296069297e-01 1.350754306166318010e-03
9.721717925169761656e+03 1.940919277085236538e-01 1.704912407543069004e-03
1.033668680410284651e+04 1.729412739631663032e-01 1.220525381767664655e-03
1.099055690656115439e+04 1.535276293545358162e-01 1.321317510961939447e-03
1.168578901591698741e+04 1.363212465664163653e-01 9.965830183781738700e-04
1.242499957786522828e+04 1.209961701516300281e-01 1.025114420538071310e-03
1.321097054718960135e+04 1.076444089307352081e-01 1.181862697702488769e-03
1.404665985740802353e+04 9.541005651624605288e-02 1.139856345472185653e-03
1.493521255269859648e+04 8.491184685437648538e-02 1.085456358293576933e-03
1.587997262400050022e+04 7.581294882997667572e-02 1.277933339447946508e-03
1.688449559383343876e+04 6.743738176542174445e-02 8.008110331950833065e-04
1.795256189719813119e+04 6.021701651599086630e-02 1.051060109660993756e-03
1.908819110891525270e+04 5.300821636479914611e-02 7.941575057528291355e-04
2.029565707094635218e+04 4.702675062739818113e-02 8.875886625557928089e-04
2.157950397662709292e+04 4.296370965258080460e-02 8.954253894605398133e-04
2.294456347234442364e+04 3.781312474917844502e-02 8.917272699088880277e-04
2.439597284101835248e+04 3.405812679432511370e-02 9.752870595755828856e-04
2.593919433582026249e+04 3.030845134451546491e-02 6.955427759480310376e-04
2.758003573688860706e+04 2.675069809757570083e-02 9.085653002192229212e-04
2.932467220840530354e+04 2.419435971691829071e-02 9.344321202615836919e-04
3.117966953829010890e+04 2.171872000371011940e-02 9.915741645323790984e-04
3.315200884797353501e+04 1.915432852610817263e-02 1.262711485435549959e-03
3.524911286524133902e+04 1.771909109562930934e-02 9.150440988745519406e-04
3.747887385902626556e+04 1.596903038096528574e-02 8.703310889743708523e-04
3.984968334127704293e+04 1.433324573783218217e-02 9.728939540192829086e-04
4.237046364768524654e+04 1.344703402313708954e-02 7.344954463573541209e-04
4.505070151612113841e+04 1.215875410443015107e-02 1.386782243034115000e-03
4.790048378914817295e+04 1.105812601373333016e-02 5.604452520707940526e-04
5.093053537497932848e+04 9.970689297685363800e-03 1.162034513857114785e-03
5.415225960973858309e+04 9.045090131988415411e-03 8.552394401768535596e-04
5.757778117292595562e+04 7.418102422459221454e-03 1.001181817229195199e-03
6.121999171759678575e+04 8.080963152665347413e-03 1.311561026256383719e-03
6.509259838697880332e+04 7.676248202404696401e-03 1.019079945726552834e-03
6.921017540011589881e+04 7.756626683259557412e-03 9.483330012130927657e-04
7.358821890067633649e+04 6.799465229512007686e-03 9.107672292484644393e-04
7.824320527534437133e+04 7.212084734178574388e-03 9.553352459654720300e-04
8.319265316127134429e+04 7.388025683298698326e-03 1.331432759953868079e-03
8.845518937594581803e+04 7.471445223324056466e-03 1.248109809778126566e-03
9.405061901760446199e+04 7.530469933581499138e-03 9.877353899807926694e-04
1.000000000000000000e+05 7.416461948152886126e-03 1.419719301583136127e-03
